--[[BloxFruit]]--
local player = game:GetService("Players").LocalPlayer
local playerGui = player:WaitForChild("PlayerGui")
local screenGui = Instance.new("ScreenGui")
screenGui.Parent = playerGui
local backgroundFrame = Instance.new("Frame")
backgroundFrame.Size = UDim2.new(1, 0, 1, 0) -- ขนาดเต็มหน้าจอ
backgroundFrame.Position = UDim2.new(0, 0, 0, 0) -- ตำแหน่งด้านบนซ้ายของหน้าจอ
backgroundFrame.BackgroundColor3 = Color3.new(0, 0, 0) -- สีดำ
backgroundFrame.BackgroundTransparency = 0.99 -- ความโปร่งใส
backgroundFrame.Parent = screenGui
local textLabel = Instance.new("TextLabel")
textLabel.Size = UDim2.new(0, 200, 0, 50)
textLabel.Position = UDim2.new(0.5, -100, -1, 0) -- จะให้เริ่มต้นด้านบนของหน้าจอ
textLabel.BackgroundTransparency = 1 -- ทำให้ข้อความโปร่งใส
textLabel.TextColor3 = Color3.new(1, 1, 1) -- สีข้อความ (สีขาว)
textLabel.Text = "Cave Hub is Load"
textLabel.Parent = screenGui
textLabel.BorderSizePixel = 0 -- กำหนดให้ไม่มีขอบ
textLabel.TextScaled = true -- ปรับขนาดข้อความอัตโนมัติ
textLabel.TextWrapped = true -- ให้ข้อความขึ้นบรรทัดใหม่ตามขนาดของ TextLabel
textLabel.TextXAlignment = Enum.TextXAlignment.Center -- จัดข้อความให้อยู่ตรงกลาง
textLabel.TextYAlignment = Enum.TextYAlignment.Center -- จัดข้อความให้อยู่ตรงกลาง
textLabel.Font = Enum.Font.SourceSansBold -- ฟอนต์

local curveIntensity = 10 -- ความโค้ง (1-10)
textLabel.TextScaled = true
textLabel.TextWrapped = true
textLabel.TextStrokeTransparency = 0
textLabel.TextStrokeColor3 = Color3.new(0, 0, 0)
textLabel.TextScaled = true
textLabel.TextSize = 20
textLabel.TextTransparency = 0
local tweenInfo = TweenInfo.new(1, Enum.EasingStyle.Quint, Enum.EasingDirection.Out)
wait(1)
-- เลื่อน TextLabel มาที่กลางของหน้าจอ
textLabel:TweenPosition(UDim2.new(0.5, -100, 0.5, -25), "Out", "Quint", 1, true)

local placeId = game.PlaceId
if placeId == 2753915549 or placeId == 4442272183 or placeId == 7449423635 then
    BloxFruit = true
end
local placeId = game.PlaceId
if placeId == 2753915549 then
	OldWorld = true
elseif placeId == 4442272183 then
		NewWorld = true
elseif placeId == 7449423635 then
	ThreeWorld = true
end
local Fluent = loadstring(game:HttpGet("https://github.com/dawid-scripts/Fluent/releases/latest/download/main.lua"))()
local SaveManager = loadstring(game:HttpGet("https://raw.githubusercontent.com/dawid-scripts/Fluent/master/Addons/SaveManager.lua"))()
local InterfaceManager = loadstring(game:HttpGet("https://raw.githubusercontent.com/dawid-scripts/Fluent/master/Addons/InterfaceManager.lua"))()

local Window = Fluent:CreateWindow({
     Title = "N2 Hub",
     SubTitle = "by dawid",
     TabWidth = 130,
     Size = UDim2.fromOffset(500, 320),
     Acrylic = false,                        -- The blur may be detectable, setting this to false disables blur entirely
     Theme = "Light",
     MinimizeKey = Enum.KeyCode.RightControl -- Used when theres no MinimizeKeybind
})

--Fluent provides Lucide Icons https://lucide.dev/icons/ for the tabs, icons are optional
local Tabs = {
     Information = Window:AddTab({ Title = "Information", Icon = "rbxassetid://11422155687" }),
     Main = Window:AddTab({ Title = "General", Icon = "home" }),
     Stats = Window:AddTab({ Title = "Stats", Icon = "rbxassetid://11422155046" }),
     Automatic = Window:AddTab({ Title = "Automatic", Icon = "swords" }),
     Interface = Window:AddTab({ Title = "Interface", Icon = "rbxassetid://12975600393" }),
     Raid = Window:AddTab({ Title = "Raid", Icon = "rbxassetid://11422924864" }),
     Teleport = Window:AddTab({ Title = "Teleport", Icon = "rbxassetid://12967404433" }),
     Settings = Window:AddTab({ Title = "Settings", Icon = "settings" })
}

local Options = Fluent.Options

do
     Fluent:Notify({
          Title = "Notification",
          Content = "This is a notification",
          SubContent = "SubContent", -- Optional
          Duration = 5               -- Set to nil to make the notification not disappear
     })
end
local section = Tabs.Information:AddSection("Welcome📩")
Tabs.Information:AddParagraph({
     Title = "This Cave Hub",
     Content = "Blox Fruit Script"
})
local section = Tabs.Information:AddSection("News📢")
Tabs.Information:AddParagraph({
     Title = "Script is not Successfully",
     Content = "Pls wait 🥰"
})
local section = Tabs.Information:AddSection("Social📱")
Tabs.Information:AddButton({
     Title = "Join Discord",
     Description = "Pass in your discord and getin :D",
     Callback = function()
          setclipboard(tostring("https://discord.gg/p6b6HwuRq5"))
          do
               Fluent:Notify({
                    Title = "Notification",
                    Content = "SetClipboard",
                    Duration = 3
               })
          end
     end
})
Tabs.Information:AddButton({
     Title = "Youtube",
     Description = "Copy youtube links",
     Callback = function()
          setclipboard(tostring("https://www.youtube.com/channel/UCKOv7FQXWQSOkx8_R0A1BUA"))
          do
               Fluent:Notify({
                    Title = "Notification",
                    Content = "SetClipboard",
                    Duration = 3
               })
          end
     end
})
Tabs.Main:AddParagraph({
     Title = "Information",
     Content = "Farm Your Level 0-2550 Enjoy! :D"
})
local section = Tabs.Main:AddSection("AutoFarm")
local Toggle = Tabs.Main:AddToggle("MyToggle", { Title = "AutoFarm", Default = false })

Toggle:OnChanged(function(Value)
_G.AutoFarm = Value
_G.FastAttack = Value
_G.AUTOHAKI = Value
_G.AutoEquip = Value
end)

Options.MyToggle:SetValue(false)

if OldWorld then
local section = Tabs.Automatic:AddSection("EastBlue")
local Toggle = Tabs.Automatic:AddToggle("MyToggle", {Title = "AutoDressrosa", Default = false })
Toggle:OnChanged(function(Value)
_G.newworld = Value
_G.FastAttack = Value
_G.AUTOHAKI = Value
_G.AutoEquip = Value
end)
Options.MyToggle:SetValue(false)

local section = Tabs.Automatic:AddSection("Sword")
local Toggle = Tabs.Automatic:AddToggle("MyToggle", {Title = "AutoPole", Default = false })

Toggle:OnChanged(function(Value)
_G.AutoPole = Value
_G.FastAttack = Value
_G.AUTOHAKI = Value
_G.AutoEquip = Value
end)
Options.MyToggle:SetValue(false)
local Toggle = Tabs.Automatic:AddToggle("MyToggle", {Title = "AutoSaber", Default = false })

Toggle:OnChanged(function(Value)
_G.AutoSaber = Value
_G.FastAttack = Value
_G.AUTOHAKI = Value
_G.AutoEquip = Value
end)
Options.MyToggle:SetValue(false)
local section = Tabs.Automatic:AddSection("Fighting Style")
local Toggle = Tabs.Automatic:AddToggle("MyToggle", {Title = "AutoSuperHuman", Default = false })

Toggle:OnChanged(function(Value)
_G.AutoSuperHuman = Value
    if Value then
        while task.wait() do
        game:GetService("ReplicatedStorage"):WaitForChild("Remotes"):WaitForChild("CommF_"):InvokeServer("BuyBlackLeg")
        end
    end
end)
Options.MyToggle:SetValue(false)
elseif NewWorld then
local section = Tabs.Automatic:AddSection("Dressrosa")
local Toggle = Tabs.Automatic:AddToggle("MyToggle", {Title = "AutoQuestBartilo", Default = false })
Toggle:OnChanged(function(Value)
     _G.AutoQuestBartilo = Value
end)
Options.MyToggle:SetValue(false)
local Toggle = Tabs.Automatic:AddToggle("MyToggle", {Title = "AutoFactory", Default = false })
Toggle:OnChanged(function(Value)
     _G.AutoFactory = Value
end)
Options.MyToggle:SetValue(false)
local section = Tabs.Automatic:AddSection("Fighting Style")
local Toggle = Tabs.Automatic:AddToggle("MyToggle", {Title = "AutoSuperHuman", Default = false })

Toggle:OnChanged(function(Value)
_G.AutoSuperHuman = Value
     if Value then
               game:GetService("ReplicatedStorage"):WaitForChild("Remotes"):WaitForChild("CommF_"):InvokeServer("BuyBlackLeg")
          end
     end)
Options.MyToggle:SetValue(false)
end

--------------------------------------------[[EquipTool]]--------------------------------------------

function EquipItem(itemName)
     local player = game:GetService("Players").LocalPlayer
     local backpack = player.Backpack
     local character = player.Character
     if backpack:FindFirstChild(itemName) then
          local tool = backpack:FindFirstChild(itemName)
          tool.Parent = character
     end
end

--------------------------------------------[[Teleport]]--------------------------------------------

function TP(A)
     game.Players.LocalPlayer.Character.HumanoidRootPart.CFrame = A
end


--------------------------------------------[[Bypass]]--------------------------------------------

function Bypass(C)
     game.Players.LocalPlayer.Character.HumanoidRootPart.CFrame = C
     game.Players.LocalPlayer.Character.Humanoid.Health = 0
     game:GetService("ReplicatedStorage"):WaitForChild("Remotes"):WaitForChild("CommF_"):InvokeServer("SetSpawnPoint")
     game.Players.LocalPlayer.Character.HumanoidRootPart.CFrame = C
end

--------------------------------------------[[Tween]]--------------------------------------------

function StopTween(F)
     local character = player.Character
     if not character or not character:FindFirstChild("HumanoidRootPart") then
          return
     end
     local playerRootPart = character.HumanoidRootPart
     local Distance = (F.Position - game.Players.LocalPlayer.Character.HumanoidRootPart.Position).Magnitude
     local Speed = 0
     local tweenInfo = TweenInfo.new(Distance / Speed, Enum.EasingStyle.Linear)
     local tweenGoal = {CFrame = F}
     local tween =  game:GetService("TweenService"):Create(playerRootPart, tweenInfo, tweenGoal)
     tween:Play()
end
function Tween(CF)
     local character = player.Character
     if not character or not character:FindFirstChild("HumanoidRootPart") then
          return
     end
     local playerRootPart = character.HumanoidRootPart
     local Distance = (CF.Position - game.Players.LocalPlayer.Character.HumanoidRootPart.Position).Magnitude
     if Distance <= 65 then
        TP(CF)
     end
     local Speed = 250
     local tweenInfo = TweenInfo.new(Distance / Speed, Enum.EasingStyle.Linear)
     local tweenGoal = {CFrame = CF}
     local tween =  game:GetService("TweenService"):Create(playerRootPart, tweenInfo, tweenGoal)
     tween:Play()
end
function FastTween(p)
     local character = player.Character
     if not character or not character:FindFirstChild("HumanoidRootPart") then
          return
     end
     local playerRootPart = character.HumanoidRootPart
     local Distance = (p.Position - game.Players.LocalPlayer.Character.HumanoidRootPart.Position).Magnitude
     local Speed = 370
     local tweenInfo = TweenInfo.new(Distance / Speed, Enum.EasingStyle.Linear)
     local tweenGoal = {CFrame = p}
     local tween =  game:GetService("TweenService"):Create(playerRootPart, tweenInfo, tweenGoal)
     tween:Play()
end
--------------------------------------------[[AutoFarm]]--------------------------------------------
function chacklevel()
     local lv = game:GetService("Players").LocalPlayer.Data.Level.Value
     if OldWorld then
          if lv == 1 or lv <= 9 then
               MonName = "Bandit"
               QuestName = "BanditQuest1"
               QuestNumber = 1
               Qusetpos = CFrame.new(1059.37183, 16.1412621, 1550.4231, 0.939700544, -0, -0.341998369, 0, 1, -0, 0.341998369, 0, 0.939700544)
               SETPOINT = CFrame.new(971.943237, 15.3500061, 1410.79272, -0.777145505, 0, -0.629321039, 0, 1, 0, 0.629321039, 0, -0.777145505)
               ChackMon1 = CFrame.new(1146.17273, 79.8013916, 1620.93518, 0.9853369, -0.0126142949, 0.170152977,1.76843817e-09, 0.997263253, 0.0739321262, -0.17061992, -0.0728480518, 0.982640326)
               ChackMon2 = CFrame.new(1304, 50, 1547)
          elseif lv == 120 or lv <= 149 then --149
               MonName = "Chief Petty Officer"
               QuestName = "MarineQuest2"
               QuestNumber = 1
               Qusetpos = CFrame.new(-5039.58643, 27.3500385, 4324.68018, 0, 0, -1, 0, 1, 0, 1, 0, 0)
               SETPOINT = CFrame.new(-4925.57178, 40.3500137, 4426.08594, 0.325602472, -0, -0.945506752, 0, 1, -0, 0.945506752, 0, 0.325602472)
               ChackMon1 = CFrame.new(-4927.87891, 65.28302, 3993.74365, -0.342275828, -0.0131828887, 0.939507067, 0.00894175656, 0.999810576, 0.0172866601, -0.939556956, 0.0143176485, -0.34209311)
               ChackMon2 = CFrame.new(-4691.47168, 65, 4489.3833, 0.946013093, -0.0095107723, 0.323988855, 8.63156768e-10, 0.999569416, 0.0293426029, -0.324128419, -0.0277584866, 0.945605755)
               ChackMon3 = CFrame.new(-4927.87891, 65.28302, 3993.74365, -0.342275828, -0.0131828887, 0.939507067, 0.00894175656, 0.999810576, 0.0172866601, -0.939556956, 0.0143176485, -0.34209311)
               ChackMon4 = CFrame.new(-4691.47168, 65, 4489.3833, 0.946013093, -0.0095107723, 0.323988855, 8.63156768e-10, 0.999569416, 0.0293426029, -0.324128419, -0.0277584866, 0.945605755)
          elseif lv == 150 or lv <= 174 then
               MonName = "Sky Bandit"
               QuestName = "SkyQuest"
               QuestNumber = 1
               Qusetpos = CFrame.new(-4839.51562, 716.670715, -2619.4165, 0.866007268, 0, 0.500031412, 0, 1, 0, -0.500031412, 0, 0.866007268)
               SETPOINT = CFrame.new(-4920.20996, 716.769897, -2640.80493, -0.777145505, 0, -0.629321039, 0, 1, 0, 0.629321039, 0, -0.777145505)
               ChackMon1 = CFrame.new(-5025.28809, 324.944153, -2828.59619, 0.983840168, 0.00266311644, -0.179029062,-1.32528294e-10, 0.999889374, 0.0148736835, 0.179048866, -0.0146333277, 0.983731329)
               ChackMon2 = CFrame.new(-5025.28809, 324.944153, -2828.59619, 0.983840168, 0.00266311644, -0.179029062,-1.32528294e-10, 0.999889374, 0.0148736835, 0.179048866, -0.0146333277, 0.983731329)
               ChackMon3 = CFrame.new(-5025.28809, 324.944153, -2828.59619, 0.983840168, 0.00266311644, -0.179029062,-1.32528294e-10, 0.999889374, 0.0148736835, 0.179048866, -0.0146333277, 0.983731329)
               ChackMon4 = CFrame.new(-5025.28809, 324.944153, -2828.59619, 0.983840168, 0.00266311644, -0.179029062,-1.32528294e-10, 0.999889374, 0.0148736835, 0.179048866, -0.0146333277, 0.983731329)
          elseif lv == 175 or lv <= 189 then --189
               MonName = "Dark Master"
               QuestName = "SkyQuest"
               QuestNumber = 2
               Qusetpos = CFrame.new(-4839.51562, 716.670715, -2619.4165, 0.866007268, 0, 0.500031412, 0, 1, 0, -0.500031412,0, 0.866007268)
               SETPOINT = CFrame.new(-4920.20996, 716.769897, -2640.80493, -0.777145505, 0, -0.629321039, 0, 1, 0, 0.629321039, 0, -0.777145505)
               ChackMon1 = CFrame.new(-5262.27832, 448.675323, -2258.97241, 0.910784543, 0.00164514664, -0.412878662,3.98000834e-11, 0.999992073, 0.00398454489, 0.412881941, -0.00362906209, 0.91077733)
               ChackMon2 = CFrame.new(-5262.27832, 448.675323, -2258.97241, 0.910784543, 0.00164514664, -0.412878662,3.98000834e-11, 0.999992073, 0.00398454489, 0.412881941, -0.00362906209, 0.91077733)
               ChackMon3 = CFrame.new(-5262.27832, 448.675323, -2258.97241, 0.910784543, 0.00164514664, -0.412878662,3.98000834e-11, 0.999992073, 0.00398454489, 0.412881941, -0.00362906209, 0.91077733)
               ChackMon4 = CFrame.new(-5262.27832, 448.675323, -2258.97241, 0.910784543, 0.00164514664, -0.412878662,3.98000834e-11, 0.999992073, 0.00398454489, 0.412881941, -0.00362906209, 0.91077733)
          elseif lv == 190 or lv <= 209 then
               MonName = "Prisoner"
               QuestName = "PrisonerQuest"
               QuestNumber = 1
               Qusetpos = CFrame.new(5310.60547, 0.350014925, 474.946594, 0.0175017118, 0, 0.999846935, 0, 1, 0, -0.999846935,0, 0.0175017118)
               SETPOINT = CFrame.new(4857.47705, 4.35001707, 751.836121, 0.515462339, 0, 0.856912255, 0, 1, 0, -0.856912255, 0, 0.515462339)
               ChackMon1 = CFrame.new(5266.19775, 46.4375458, 398.862366, -0.397015303, -0.05177157, 0.916350663,-9.64795688e-10, 0.998407841, 0.0564075969, -0.91781199, 0.0223946795, -0.396383196)
               ChackMon2 = CFrame.new(5011.80029, 66.2090912, 549.098083, -0.588193357, 0.0150756342, 0.808579803, -0.0103892582, 0.999602854, -0.0261947419, -0.808653593, -0.0238081161, -0.587803125)
               ChackMon3 = CFrame.new(5266.19775, 46.4375458, 398.862366, -0.397015303, -0.05177157, 0.916350663,-9.64795688e-10, 0.998407841, 0.0564075969, -0.91781199, 0.0223946795, -0.396383196)
               ChackMon4 = CFrame.new(5011.80029, 66.2090912, 549.098083, -0.588193357, 0.0150756342, 0.808579803, -0.0103892582, 0.999602854, -0.0261947419, -0.808653593, -0.0238081161, -0.587803125)
          elseif lv == 210 or lv <= 249 then
               MonName = "Dangerous Prisoner"
               QuestName = "PrisonerQuest"
               QuestNumber = 2
               Qusetpos = CFrame.new(5310.60547, 0.350014925, 474.946594, 0.0175017118, 0, 0.999846935, 0, 1, 0, -0.999846935,0, 0.0175017118)
               SETPOINT = CFrame.new(4857.47705, 4.35001707, 751.836121, 0.515462339, 0, 0.856912255, 0, 1, 0, -0.856912255, 0, 0.515462339)
               ChackMon1 = CFrame.new(5526.27539, 62.7830849, 509.754547, -0.749680758, 0.00813186448, -0.661749661,-2.69122696e-10, 0.999924481, 0.0122875031, 0.66179961, 0.00921170507, -0.749624193)
               ChackMon2 = CFrame.new(5526.27539, 62.7830849, 509.754547, -0.749680758, 0.00813186448, -0.661749661,-2.69122696e-10, 0.999924481, 0.0122875031, 0.66179961, 0.00921170507, -0.749624193)
               ChackMon3 = CFrame.new(5526.27539, 62.7830849, 509.754547, -0.749680758, 0.00813186448, -0.661749661,-2.69122696e-10, 0.999924481, 0.0122875031, 0.66179961, 0.00921170507, -0.749624193)
               ChackMon4 = CFrame.new(5526.27539, 62.7830849, 509.754547, -0.749680758, 0.00813186448, -0.661749661,-2.69122696e-10, 0.999924481, 0.0122875031, 0.66179961, 0.00921170507, -0.749624193)
          elseif lv == 250 or lv <= 274 then
               MonName = "Toga Warrior"
               QuestName = "ColosseumQuest"
               QuestNumber = 1
               Qusetpos = CFrame.new(-1580.04688, 7.20000267, -2986.47559, -0.515037298, 0, -0.857167721, 0, 1, 0, 0.857167721,0, -0.515037298)
               SETPOINT = CFrame.new(-1393.33777, 6.38246346, -2836.24414, -0.999848366, 0, 0.017436387, 0, 1, 0, -0.017436387, 0, -0.999848366)
               ChackMon1 = CFrame.new(-1659.17102, 60.7238083, -2789.45776, 0.0239013676, 0.00780060515, 0.999683917,7.38685588e-12, 0.999969542, -0.00780283427, -0.999714315, 0.000186498408, 0.0239006393)
               ChackMon2 = CFrame.new(-1976, 60, -2776)
               ChackMon3 = CFrame.new(-1659.17102, 60.7238083, -2789.45776, 0.0239013676, 0.00780060515, 0.999683917,7.38685588e-12, 0.999969542, -0.00780283427, -0.999714315, 0.000186498408, 0.0239006393)
               ChackMon4 = CFrame.new(-1976, 60, -2776)
          elseif lv == 275 or lv <= 299 then
               MonName = "Gladiator"
               QuestName = "ColosseumQuest"
               QuestNumber = 2
               Qusetpos = CFrame.new(-1580.04688, 7.20000267, -2986.47559, -0.515037298, 0, -0.857167721, 0, 1, 0, 0.857167721,0, -0.515037298)
               SETPOINT = CFrame.new(-1393.33777, 6.38246346, -2836.24414, -0.999848366, 0, 0.017436387, 0, 1, 0, -0.017436387, 0, -0.999848366)
               ChackMon1 = CFrame.new(-1433, 54, -3222)
               ChackMon2 = CFrame.new(-1340, 54, -3344)
               ChackMon3 = CFrame.new(-1146, 54, -3259)
               ChackMon4 = CFrame.new(-1238, 54, -3039)
          elseif lv == 300 or lv <= 324 then
               MonName = "Military Soldier"
               QuestName = "MagmaQuest"
               QuestNumber = 1
               Qusetpos = CFrame.new(-5313.37012, 11.2500095, 8515.29395, -0.499959469, 0, 0.866048813, 0, 1, 0, -0.866048813,0, -0.499959469)
               SETPOINT = CFrame.new(-5224.17969, 7.75000763, 8469.65332, 0.139430404, 0, 0.990231931, 0, 1, 0, -0.990231931, 0, 0.139430404)
               ChackMon1 = CFrame.new(-5545.14307, 77.7244568, 8384.71094, -0.503312826, -0.101919658, 0.858072639,1.11266569e-08, 0.99301976, 0.117948338, -0.864104271, 0.0593649186, -0.49979955)
               ChackMon2 = CFrame.new(-5545.14307, 77.7244568, 8384.71094, -0.503312826, -0.101919658, 0.858072639,1.11266569e-08, 0.99301976, 0.117948338, -0.864104271, 0.0593649186, -0.49979955)
               ChackMon3 = CFrame.new(-5545.14307, 77.7244568, 8384.71094, -0.503312826, -0.101919658, 0.858072639,1.11266569e-08, 0.99301976, 0.117948338, -0.864104271, 0.0593649186, -0.49979955)
               ChackMon4 = CFrame.new(-5545.14307, 77.7244568, 8384.71094, -0.503312826, -0.101919658, 0.858072639,1.11266569e-08, 0.99301976, 0.117948338, -0.864104271, 0.0593649186, -0.49979955)
          elseif lv == 325 or lv <= 374 then
               MonName = "Military Spy"
               QuestName = "MagmaQuest"
               QuestNumber = 2
               Qusetpos = CFrame.new(-5313.37012, 11.2500095, 8515.29395, -0.499959469, 0, 0.866048813, 0, 1, 0, -0.866048813,0, -0.499959469)
               SETPOINT = CFrame.new(-5224.17969, 7.75000763, 8469.65332, 0.139430404, 0, 0.990231931, 0, 1, 0, -0.990231931, 0, 0.139430404)
               ChackMon1 = CFrame.new(-5860.77539, 125.605713, 8841.04004, 0.123171583, 0.0166577231, -0.992245555,-1.65192332e-10, 0.999859095, 0.0167855378, 0.992385387, -0.00206750119, 0.12315423)
               ChackMon2 = CFrame.new(-5860.77539, 125.605713, 8841.04004, 0.123171583, 0.0166577231, -0.992245555,-1.65192332e-10, 0.999859095, 0.0167855378, 0.992385387, -0.00206750119, 0.12315423)
               ChackMon3 = CFrame.new(-5860.77539, 125.605713, 8841.04004, 0.123171583, 0.0166577231, -0.992245555,-1.65192332e-10, 0.999859095, 0.0167855378, 0.992385387, -0.00206750119, 0.12315423)
               ChackMon4 = CFrame.new(-5860.77539, 125.605713, 8841.04004, 0.123171583, 0.0166577231, -0.992245555,-1.65192332e-10, 0.999859095, 0.0167855378, 0.992385387, -0.00206750119, 0.12315423)
          elseif lv == 375 or lv <= 399 then
               MonName = "Fishman Warrior"
               QuestName = "FishmanQuest"
               QuestNumber = 1
               Qusetpos = CFrame.new(61121.2695, 18.8742752, 1564.8844, -0.913477898, 0, -0.406888306, 0, 1, 0, 0.406888306, 0, -0.913477898)
               Warp = CFrame.new(61163.8516, 11.6796875, 1819.78418, 1, 0, 0, 0, 1, 0, 0, 0, 1)
               ChackMon1 = CFrame.new(60933, 64, 1636)
               ChackMon2 = CFrame.new(60933, 64, 1636)
               ChackMon3 = CFrame.new(60933, 64, 1636)
               ChackMon4 = CFrame.new(60933, 64, 1636)
          elseif lv == 400 or lv <= 449 then
               MonName = "Fishman Commando"
               QuestName = "FishmanQuest"
               QuestNumber = 2
               Qusetpos = CFrame.new(61121.2695, 18.8742752, 1564.8844, -0.913477898, 0, -0.406888306, 0, 1, 0, 0.406888306, 0, -0.913477898)
               Warp = CFrame.new(61163.8516, 11.6796875, 1819.78418, 1, 0, 0, 0, 1, 0, 0, 0, 1)
               ChackMon1 = CFrame.new(61912, 72, 1475)
               ChackMon2 = CFrame.new(61912, 72, 1475)
               ChackMon3 = CFrame.new(61912, 72, 1475)
               ChackMon4 = CFrame.new(61912, 72, 1475)
          elseif lv == 450 or lv <= 474 then
               MonName = "God's Guard"
               QuestName = "SkyExp1Quest"
               QuestNumber = 1
               Qusetpos = CFrame.new(-4721.95215, 844.174683, -1949.24341, 0.996191859, -0, -0.0871884301, 0, 1, -0, 0.0871884301, 0, 0.996191859)
               SETPOINT = CFrame.new(-4920.20996, 716.769897, -2640.80493, -0.777145505, 0, -0.629321039, 0, 1, 0, 0.629321039, 0, -0.777145505)
               ChackMon1 = CFrame.new(-4707, 885, -1894)
               ChackMon2 = CFrame.new(-4707, 885, -1894)
               ChackMon3 = CFrame.new(-4707, 885, -1894)
               ChackMon4 = CFrame.new(-4707, 885, -1894)
          elseif lv == 475 or lv <= 524 then
               MonName = "Shanda"
               QuestName = "SkyExp1Quest"
               QuestNumber = 2
               Qusetpos = CFrame.new(-7858.44043, 5544.49023, -381.782959, -0.422592998, 0, 0.906319618, 0, 1, 0, -0.906319618, 0, -0.422592998)
               SETPOINT = CFrame.new(-7871.68555, 5544.58984, -333.27121, 0.777145445, 0, 0.629321039, 0, 1, 0, -0.629321039, 0, 0.777145445)
               ChackMon1 = CFrame.new(-7654, 5572, -491)
               ChackMon2 = CFrame.new(-7654, 5572, -491)
               ChackMon3 = CFrame.new(-7654, 5572, -491)
               ChackMon4 = CFrame.new(-7654, 5572, -491)
          elseif lv == 525 or lv <= 549 then
               MonName = "Royal Squad"
               QuestName = "SkyExp2Quest"
               QuestNumber = 1
               Qusetpos = CFrame.new(-7904.68457, 5634.66113, -1409.96729, 0, 0, -1, 0, 1, 0, 1, 0, 0)
               SETPOINT = CFrame.new(-7871.68555, 5544.58984, -333.27121, 0.777145445, 0, 0.629321039, 0, 1, 0, -0.629321039, 0, 0.777145445)
               ChackMon1 = CFrame.new(-7517, 5646, -1492)
               ChackMon2 = CFrame.new(-7808, 5646, -1412)
               ChackMon3 = CFrame.new(-7517, 5646, -1492)
               ChackMon4 = CFrame.new(-7808, 5646, -1412)
          elseif lv == 550 or lv <= 624 then
               MonName = "Royal Soldier"
               QuestName = "SkyExp2Quest"
               QuestNumber = 2
               Qusetpos = CFrame.new(-7904.68457, 5634.66113, -1409.96729, 0, 0, -1, 0, 1, 0, 1, 0, 0)
               SETPOINT = CFrame.new(-7871.68555, 5544.58984, -333.27121, 0.777145445, 0, 0.629321039, 0, 1, 0, -0.629321039, 0, 0.777145445)
               ChackMon1 = CFrame.new(-7797, 5652, -1761)
               ChackMon2 = CFrame.new(-7797, 5652, -1761)
               ChackMon3 = CFrame.new(-7797, 5652, -1761)
               ChackMon4 = CFrame.new(-7797, 5652, -1761)
          elseif lv == 625 or lv <= 649 then
               MonName = "Galley Pirate"
               QuestName = "FountainQuest"
               QuestNumber = 1
               Qusetpos = CFrame.new(5259.77051, 37.7125168, 4050.0249, 0.087131381, 0, 0.996196866, 0, 1, 0, -0.996196866, 0, 0.087131381)
               SETPOINT = CFrame.new(5193.83838, 37.600029, 4145.69922, 0.515462339, 0, 0.856912255, 0, 1, 0, -0.856912255, 0, 0.515462339)
               ChackMon1 = CFrame.new(5554, 69, 3983)
               ChackMon2 = CFrame.new(5554, 69, 3983)
               ChackMon3 = CFrame.new(5554, 69, 3983)
               ChackMon4 = CFrame.new(5554, 69, 3983)
          elseif lv == 650 or lv <= 699 then
               MonName = "Galley Captain"
               QuestName = "FountainQuest"
               QuestNumber = 2
               Qusetpos = CFrame.new(5259.77051, 37.7125168, 4050.0249, 0.087131381, 0, 0.996196866, 0, 1, 0, -0.996196866, 0, 0.087131381)
               SETPOINT = CFrame.new(5193.83838, 37.600029, 4145.69922, 0.515462339, 0, 0.856912255, 0, 1, 0, -0.856912255, 0, 0.515462339)
               ChackMon1 = CFrame.new(5581, 79, 4925)
               ChackMon2 = CFrame.new(5581, 79, 4925)
               ChackMon3 = CFrame.new(5581, 79, 4925)
               ChackMon4 = CFrame.new(5581, 79, 4925)
          end
     end
     if NewWorld then
          if lv == 700 or lv <= 724 then
               MonName = "Raider"
               QuestName = "Area1Quest"
               QuestNumber = 1
               Qusetpos = CFrame.new(-429.543518, 71.7699966, 1836.18188, -0.22495985, 0, -0.974368095, 0, 1, 0, 0.974368095, 0, -0.22495985)
               SETPOINT = CFrame.new(-33.3725662, 28.3748226, 2762.01196, -0.990270376, 0, 0.13915664, 0, 1, 0, -0.13915664, 0, -0.990270376)
               ChackMon1 = CFrame.new(-696, 93, 2376)
               ChackMon2 = CFrame.new(249, 93, 2303)
               ChackMon3 = CFrame.new(-696, 93, 2376)
               ChackMon4 = CFrame.new(249, 93, 2303)
          elseif lv == 725 or lv <= 774 then
               MonName = "Mercenary"
               QuestName = "Area1Quest"
               QuestNumber = 2
               Qusetpos = CFrame.new(-429.417114, 72.1100006, 1836.21106, -0.22495985, 0, -0.974368095, 0, 1, 0, 0.974368095, 0, -0.22495985)
               SETPOINT = CFrame.new(-33.3725662, 28.3748226, 2762.01196, -0.990270376, 0, 0.13915664, 0, 1, 0, -0.13915664, 0, -0.990270376)
               ChackMon1 = CFrame.new(-967, 150, 1680)
               ChackMon2 = CFrame.new(-1075, 150, 1171)
               ChackMon3 = CFrame.new(-967, 150, 1680)
               ChackMon4 = CFrame.new(-1075, 150, 1171)
          elseif lv == 775 or lv <= 799 then
               MonName = "Swan Pirate"
               QuestName = "Area2Quest"
               QuestNumber = 1
               Qusetpos = CFrame.new(638.438354, 72.082489, 918.282959, 0.139203906, 0, 0.99026376, 0, 1, 0, -0.99026376, 0, 0.139203906)
               SETPOINT = CFrame.new(-379.871765, 72.0878448, 250.478149, -0.999848366, 0, -0.017436387, 0, 1, 0, 0.017436387, 0, -0.999848366)
               ChackMon1 = CFrame.new(993, 150, 1266)
               ChackMon2 = CFrame.new(993, 150, 1266)
               ChackMon3 = CFrame.new(993, 150, 1266)
               ChackMon4 = CFrame.new(993, 150, 1266)
          elseif lv == 800 or lv <= 874 then
               MonName = "Factory Staff"
               QuestName = "Area2Quest"
               QuestNumber = 2
               Qusetpos = CFrame.new(638.438354, 72.082489, 918.282959, 0.139203906, 0, 0.99026376, 0, 1, 0, -0.99026376, 0, 0.139203906)
               SETPOINT = CFrame.new(-379.871765, 72.0878448, 250.478149, -0.999848366, 0, -0.017436387, 0, 1, 0, 0.017436387, 0, -0.999848366)
               ChackMon1 = CFrame.new(148, 152, -33)
               ChackMon2 = CFrame.new(148, 152, -33)
               ChackMon3 = CFrame.new(148, 152, -33)
               ChackMon4 = CFrame.new(148, 152, -33)
          elseif lv == 875 or lv <= 899 then
               MonName = ""
               QuestName = ""
               QuestNumber = 1
               Qusetpos = CFrame.new()
               SETPOINT = CFrame.new()
               ChackMon1 = CFrame.new()
          elseif lv == 900 or lv <= 949 then
               MonName = ""
               QuestName = ""
               QuestNumber = 1
               Qusetpos = CFrame.new()
               SETPOINT = CFrame.new()
               ChackMon1 = CFrame.new()
          end
     end
end

---4627.80518, 848.034973, -1706.73511, 0.890994847, 0, 0.454013437, 0, 1, 0, -0.454013437, 0, 0.890994847


coroutine.wrap(function()
     while task.wait() do
          if _G.AutoFarm then
               pcall(function()
                    chacklevel()
                    if game.Players.LocalPlayer.Data.Level.Value >= 1 and game.Players.LocalPlayer.Data.Level.Value <= 9 or game.Players.LocalPlayer.Data.Level.Value >= 120 and game.Players.LocalPlayer.Data.Level.Value <= 374 or game.Players.LocalPlayer.Data.Level.Value >= 449 and game.Players.LocalPlayer.Data.Level.Value <= 874 then
                         if game:GetService("Players").LocalPlayer.PlayerGui.Main.Quest.Visible == false then
                              if (SETPOINT.Position - game.Players.LocalPlayer.Character.HumanoidRootPart.Position).Magnitude <= 2500 then
                                   Tween(Qusetpos)
                              elseif (SETPOINT.Position - game.Players.LocalPlayer.Character.HumanoidRootPart.Position).Magnitude <= 500 then
                                   Tween(Qusetpos)
                              else
                                   task.wait(.5)
                                   Bypass(SETPOINT)
                              end
                              if (Qusetpos.Position - game.Players.LocalPlayer.Character.HumanoidRootPart.Position).Magnitude <= 1 then
                                   wait(.5)
                                   game:GetService("ReplicatedStorage"):WaitForChild("Remotes"):WaitForChild("CommF_"):InvokeServer("StartQuest", QuestName, QuestNumber)
                              end
                         elseif game:GetService("Players").LocalPlayer.PlayerGui.Main.Quest.Visible == true then
                              if string.find(game:GetService("Players").LocalPlayer.PlayerGui.Main.Quest.Container.QuestTitle.Title.Text, MonName) then
                                   if workspace.Enemies:FindFirstChild(MonName) then
                                        for i, v in pairs(workspace.Enemies:GetChildren()) do
                                             if v.Name == MonName then
                                                  repeat task.wait()
                                                       Tween(v.HumanoidRootPart.CFrame * CFrame.new(0, 40, 0))
                                                       v.Humanoid.WalkSpeed = 0
                                                       v.Humanoid.JumpPower = 0
                                                       v.HumanoidRootPart.CanCollide = false
                                                  until game:GetService("Players").LocalPlayer.PlayerGui.Main.Quest.Visible == false or v.Humanoid.Health <= 0 or not _G.AutoFarm or not game.workspace.Enemies:FindFirstChild(MonName)
                                             end
                                        end
                                   else
                                        CFrameR = math.random(1, 4)
                                        if CFrameR == 1 then
                                             task.wait(1)
                                             FastTween(ChackMon1 * CFrame.new(0,0,0))
                                        elseif CFrameR == 2 then
                                             task.wait(1)
                                             FastTween(ChackMon2 * CFrame.new(0,0,0))
                                        elseif CFrameR == 3 then
                                             task.wait(1)
                                             FastTween(ChackMon3 * CFrame.new(0,0,0))
                                        elseif CFrameR == 4 then
                                             task.wait(1)
                                             FastTween(ChackMon4 * CFrame.new(0,0,0))
                                        end
                                   end
                              else
                                   game:GetService("ReplicatedStorage"):WaitForChild("Remotes"):WaitForChild("CommF_"):InvokeServer("AbandonQuest")
                              end
                         end
                    end
               end)
          end
     end
end)()

function fastfarm()
     CheckPointFarm = CFrame.new(-7894.61768, 5547.1416, -380.291199, -0.0348471925, 3.04643821e-09, 0.999392629, 1.74792461e-07, 1, 3.04643821e-09, -0.999392629, 1.74792461e-07, -0.0348471925)
     CheckMon = CFrame.new(-7687, 5601, -441)
     FastMonName = "Shanda"
end

coroutine.wrap(function()
     while task.wait() do
          if _G.AutoFarm then
               pcall(function()
                    fastfarm()
                    if game.Players.LocalPlayer.Data.Level.Value >= 10 and game.Players.LocalPlayer.Data.Level.Value <= 119 then
                         task.wait(.5)
                         TP(CheckPointFarm)
                              if game.workspace.Enemies:FindFirstChild(FastMonName) then
                                   for i, v in pairs(game.workspace.Enemies:GetChildren()) do
                                        if v.Name == FastMonName then
                                        repeat task.wait()
                                                  Tween(v.HumanoidRootPart.CFrame * CFrame.new(0, 50, 0))
                                                  v.Humanoid.WalkSpeed = 0
                                                  v.Humanoid.JumpPower = 0
                                                  v.HumanoidRootPart.CanCollide = false
                                        until v.Humanoid.Health <= 0 or not _G.AutoFarm or not game.workspace.Enemies:FindFirstChild(FastMonName)
                                   end
                              end
                         end
                    end
               end)
          end
     end
end)()


coroutine.wrap(function()
     while task.wait() do
          if _G.AutoFarm then
               pcall(function()
                    chacklevel()
                    if game:GetService("Players").LocalPlayer.Data.Level.Value >= 375 and game:GetService("Players").LocalPlayer.Data.Level.Value <= 449 then
                         if game:GetService("Players").LocalPlayer.PlayerGui.Main.Quest.Visible == false then
                              if (Qusetpos.Position - game.Players.LocalPlayer.Character.HumanoidRootPart.Position).Magnitude <= 1600 then
                                   task.wait(.5)
                                   FastTween(Qusetpos)
                              elseif (Qusetpos.Position - game.Players.LocalPlayer.Character.HumanoidRootPart.Position).Magnitude <= 1500 then
                                   task.wait(.5)
                                   FastTween(Qusetpos)
                              else
                                   task.wait(1)
                                   TP(Warp)
                              end
                              if (Qusetpos.Position - game.Players.LocalPlayer.Character.HumanoidRootPart.Position).Magnitude <= 1 then
                                   task.wait(.5)
                                   game:GetService("ReplicatedStorage"):WaitForChild("Remotes"):WaitForChild("CommF_"):InvokeServer("StartQuest", QuestName, QuestNumber)
                              end
                         elseif game:GetService("Players").LocalPlayer.PlayerGui.Main.Quest.Visible == true then
                              if (ChackMon1.Position - game.Players.LocalPlayer.Character.HumanoidRootPart.Position).Magnitude <= 3000 then
                                   task.wait(.5)
                                   FastTween(ChackMon1)
                              else
                                   TP(Warp)
                              end
                              if string.find(game:GetService("Players").LocalPlayer.PlayerGui.Main.Quest.Container.QuestTitle.Title.Text, MonName) then
                                   if workspace.Enemies:FindFirstChild(MonName) then
                                        for i, v in pairs(workspace.Enemies:GetChildren()) do
                                             if v.Name == MonName then
                                                  repeat task.wait()
                                                       Tween(v.HumanoidRootPart.CFrame * CFrame.new(0, 50, 0))
                                                       v.Humanoid.WalkSpeed = 0
                                                       v.Humanoid.JumpPower = 0
                                                       v.HumanoidRootPart.CanCollide = false
                                                  until game:GetService("Players").LocalPlayer.PlayerGui.Main.Quest.Visible == false or v.Humanoid.Health <= 0 or not _G.AutoFarm or not game.workspace.Enemies:FindFirstChild(MonName)
                                             end
                                        end
                                   else
                                        CFrameR = math.random(1, 4)
                                        if CFrameR == 1 then
